***************Current_Open_Settings***************
Current_date:
20160801
Current_View:
year
First_Date: 
20160801
Last_Date: 
20170531
*******************Saved_Events********************
20160801
20160802
20160803
20160804
20160805
20160806
20160807
20160808
20160809
20160810
20160811
20160812
20160813
20160814
20160815
20160816
20160817
20160818
20160819
20160820
20160821
20160822
20160823
20160824
20160825
20160826
20160827
20160828
20160829
20160830
20160831
20160901
20160902
20160903
20160904
20160905
20160906
20160907
20160908
20160909
20160910
20160911
20160912
20160913
20160914
20160915
20160916
20160917
20160918
20160919
20160920
20160921
20160922
20160923
20160924
20160925
20160926
20160927
20160928
20160929
20160930
20161001
20161002
20161003
20161004
20161005
20161006
20161007
20161008
20161009
20161010
20161011
20161012
20161013
20161014
20161015
20161016
20161017
20161018
20161019
20161020
20161021
20161022
20161023
20161024
20161025
20161026
20161027
20161028
20161029
20161030
20161031
20161101
20161102
20161103
20161104
20161105
20161106
20161107
20161108
20161109
20161110
20161111
20161112
20161113
20161114
20161115
20161116
20161117
20161118
20161119
20161120
20161121
20161122
20161123
20161124
20161125
20161126
20161127
20161128
20161129
20161130
20161201
20161202
20161203
20161204
20161205
20161206
20161207
20161208
20161209
20161210
20161211
20161212
20161213
20161214
20161215
20161216
20161217
20161218
20161219
20161220
20161221
20161222
20161223
20161224
20161225
20161226
20161227
20161228
20161229
20161230
20161231
20170101
20170102
20170103
20170104
20170105
20170106
20170107
20170108
20170109
20170110
20170111
20170112
20170113
20170114
20170115
20170116
20170117
20170118
20170119
20170120
20170121
20170122
20170123
20170124
20170125
20170126
20170127
20170128
20170129
20170130
20170131
20170201
20170202
20170203
20170204
20170205
20170206
20170207
20170208
20170209
20170210
20170211
20170212
20170213
20170214
20170215
20170216
20170217
20170218
20170219
20170220
20170221
20170222
20170223
20170224
20170225
20170226
20170227
20170228
20170301
20170302
20170303
20170304
20170305
20170306
20170307
20170308
20170309
20170310
20170311
20170312
20170313
20170314
20170315
20170316
20170317
20170318
20170319
20170320
20170321
20170322
20170323
20170324
20170325
20170326
20170327
20170328
20170329
20170330
20170331
20170401
20170402
20170403
20170404
20170405
20170406
20170407
20170408
20170409
20170410
20170411
20170412
20170413
20170414
20170415
20170416
20170417
20170418
20170419
20170420
20170421
20170422
20170423
20170424
20170425
20170426
20170427
20170428
20170429
20170430
20170501
20170502
20170503
20170504
20170505
20170506
20170507
20170508
20170509
20170510
20170511
20170512
20170513
20170514
20170515
20170516
20170517
20170518
20170519
20170520
20170521
20170522
20170523
20170524
20170525
20170526
20170527
20170528
20170529
20170530
20170531
